package com.example.samy.travelapp.database;


public class Data {

    public static String[] attractionNames=
            {"nothing","ArtScience Museum","Asian Civilisations Museum","Bukit Timah Nature Reserve","Changi Prison","Chinatown","Chinese Gardens","East Coast Park","Esplanade","Fort Canning Park","Gardens by the Bay",
            "Haw Par Villa","Istana","Ion Orchard","Jurong Bird Park","Kranji War Memorial","Lau Pa Sat","Malay Heritage Centre","Malay Village","Marina Barrage",
            "Marina Bay Sands","Merlion Park","Mount Faber Park","National Museum of Singapore","NUS","NEWater Visitor Centre","Old Parliament House","Pulau Ubin","Pasir Ris Park",
            "Raffles Place","Red Dot Design Museum","Resort World Sentosa","Singapore Art Museum","Singapore Flyer","Singapore Botanic Gardens","Singapore Night Safari","Singapore River","Science Centre Singapore",
            "Singapore Zoo","SUTD","Universal Studios Singapore"};

    //distance in km
    private static double[][] distance=
            {{0.0, 1.0, 2.0, 3.0, 4.0, 5.0, 6.0, 7.0, 8.0, 9.0, 10.0, 11.0, 12.0, 13.0, 14.0, 15.0, 16.0, 17.0, 18.0, 19.0, 20.0, 21.0, 22.0, 23.0, 24.0, 25.0, 26.0, 27.0, 28.0, 29.0, 30.0, 31.0, 32.0, 33.0, 34.0, 35.0, 36.0, 37.0, 38.0, 39.0, 40.0},
            {1.0, 0.0, 2.129, 9.306, 12.713, 1.988, 13.253, 6.841, 1.045, 1.706, 0.195, 7.797, 3.053, 3.307, 15.476, 16.9, 1.268, 8.255, 4.903, 1.255, 0.588, 16.825, 4.867, 1.62, 8.237, 10.599, 8.255, 19.56, 13.256, 1.18, 1.883, 5.085, 1.551, 0.883, 4.727, 16.669, 1.353, 12.525, 16.607, 11.225, 4.723},
            {2.0, 2.129, 0.0, 7.241, 12.915, 1.57, 11.264, 7.637, 1.172, 0.541, 2.174, 6.948, 1.015, 1.242, 13.532, 14.835, 2.022, 6.857, 5.095, 3.234, 2.235, 15.427, 4.52, 0.529, 6.628, 10.801, 6.857, 19.683, 12.842, 1.717, 2.216, 5.089, 0.701, 2.16, 2.662, 15.271, 1.372, 10.535, 15.21, 11.427, 4.727},
            {3.0, 9.306, 7.241, 0.0, 18.672, 8.443, 4.687, 13.679, 8.224, 7.629, 9.307, 6.352, 6.528, 6.157, 8.409, 7.482, 9.081, 3.859, 11.067, 10.367, 9.158, 14.471, 8.949, 7.651, 4.291, 16.804, 3.859, 24.872, 17.967, 8.794, 9.089, 9.98, 7.753, 9.019, 3.613, 9.298, 8.449, 4.642, 9.236, 17.43, 9.554},
            {4.0, 12.713, 12.915, 18.672, 0.0, 13.315, 23.414, 7.349, 11.892, 12.675, 12.72, 19.504, 13.074, 13.992, 26.39, 23.256, 12.976, 14.653, 7.846, 12.607, 12.598, 18.6, 16.406, 12.42, 19.459, 3.293, 14.653, 7.318, 2.273, 12.852, 13.555, 16.791, 12.235, 12.13, 15.411, 21.297, 12.824, 23.284, 21.235, 2.026, 16.429},
            {5.0, 1.988, 1.57, 8.443, 13.315, 0.0, 11.504, 7.993, 1.528, 0.824, 2.017, 6.423, 2.53, 2.48, 13.726, 16.205, 0.78, 8.078, 5.532, 3.04, 1.885, 16.648, 3.091, 1.366, 6.57, 11.228, 8.078, 20.184, 13.626, 0.773, 0.621, 3.66, 1.394, 2.249, 3.617, 16.492, 0.766, 10.775, 16.431, 11.854, 3.298},
            {6.0, 13.253, 11.264, 4.687, 23.414, 11.504, 0.0, 18.246, 12.327, 11.553, 13.315, 7.051, 11.063, 10.206, 3.723, 8.496, 12.161, 9.709, 15.635, 14.312, 13.157, 15.482, 11.305, 11.754, 5.686, 21.372, 9.709, 29.592, 22.751, 12.046, 11.929, 11.905, 11.856, 13.315, 8.148, 10.33, 11.958, 1.338, 10.268, 21.998, 11.479},
            {7.0, 6.841, 7.637, 13.679, 7.349, 7.993, 18.246, 0.0, 6.464, 7.479, 5.861, 14.076, 7.914, 8.768, 21.166, 21.239, 7.548, 11.56, 2.91, 5.522, 7.05, 18.572, 11.078, 7.195, 14.176, 5.31, 11.56, 14.566, 8.65, 7.424, 8.127, 11.363, 7.011, 6.702, 10.187, 19.279, 7.396, 18.06, 19.218, 5.936, 11.001},
            {8.0, 1.045, 1.172, 8.224, 11.892, 1.528, 12.327, 6.464, 0.0, 1.028, 1.126, 7.701, 2.062, 2.316, 14.715, 15.908, 1.209, 7.285, 4.144, 2.186, 1.111, 15.855, 4.627, 0.744, 7.725, 9.84, 7.285, 18.801, 12.481, 1.049, 1.752, 4.988, 0.559, 0.988, 3.735, 15.699, 1.01, 11.609, 15.638, 10.466, 4.627},
            {9.0, 1.706, 0.541, 7.629, 12.675, 0.824, 11.553, 7.479, 1.028, 0.0, 1.771, 6.943, 1.493, 1.571, 13.748, 15.243, 1.217, 6.971, 4.852, 2.831, 1.898, 15.541, 3.985, 0.3, 6.622, 10.56, 6.971, 19.532, 12.691, 0.912, 1.391, 4.554, 0.489, 1.859, 2.945, 15.385, 0.567, 10.797, 15.323, 11.186, 4.192},
            {10.0, 0.195, 2.174, 9.307, 12.72, 2.017, 13.315, 5.861, 1.126, 1.771, 0.0, 7.866, 3.15, 3.405, 15.573, 16.997, 1.336, 8.352, 5.0, 0.347, 0.449, 16.922, 4.936, 1.717, 8.334, 10.696, 8.352, 19.657, 13.353, 1.248, 1.951, 5.153, 1.648, 0.981, 4.824, 16.766, 1.45, 12.622, 16.705, 11.322, 4.792},
            {11.0, 7.797, 6.948, 6.352, 19.504, 6.423, 7.051, 14.076, 7.701, 6.943, 7.866, 0.0, 7.464, 6.376, 8.21, 13.672, 6.532, 10.548, 11.796, 8.922, 7.732, 19.468, 4.254, 7.459, 2.606, 17.493, 10.548, 26.454, 19.751, 6.723, 6.249, 4.853, 7.61, 8.3, 5.819, 15.487, 7.014, 6.033, 15.426, 18.118, 4.428},
            {12.0, 3.053, 1.015, 6.528, 13.074, 2.53, 11.063, 7.914, 2.062, 1.493, 3.15, 7.464, 0.0, 1.564, 13.963, 14.15, 2.918, 5.842, 5.214, 4.081, 3.05, 14.411, 5.362, 1.365, 7.078, 10.922, 5.842, 19.479, 12.638, 2.613, 3.112, 5.832, 1.467, 2.926, 2.984, 14.256, 2.268, 10.788, 14.194, 11.548, 5.47},
            {13.0, 3.307, 1.242, 6.157, 13.992, 2.48, 10.206, 8.768, 2.316, 1.571, 3.405, 6.376, 1.564, 0.0, 12.565, 13.791, 3.103, 6.367, 6.187, 4.407, 3.376, 14.937, 4.354, 1.692, 5.721, 11.893, 6.367, 20.775, 13.934, 2.797, 3.112, 5.005, 1.794, 3.253, 1.585, 14.781, 2.452, 9.459, 14.72, 12.519, 4.644},
            {14.0, 15.476, 13.532, 8.409, 26.39, 13.726, 3.723, 21.166, 14.715, 13.748, 15.573, 8.21, 13.963, 12.565, 0.0, 12.188, 14.596, 13.4, 18.818, 16.747, 15.592, 19.174, 12.643, 14.318, 7.599, 24.524, 13.4, 32.953, 26.112, 14.481, 14.364, 13.243, 14.424, 15.875, 11.487, 14.021, 14.393, 4.779, 13.959, 25.15, 12.817},
            {15.0, 16.9, 14.835, 7.482, 23.256, 16.205, 8.496, 21.239, 15.908, 15.243, 16.997, 13.672, 14.15, 13.791, 12.188, 0.0, 16.783, 11.526, 18.476, 17.984, 16.79, 7.47, 15.999, 15.269, 11.486, 23.478, 11.526, 28.928, 21.339, 16.412, 16.551, 17.03, 15.371, 16.637, 11.23, 4.14, 16.067, 9.237, 4.079, 23.836, 16.604},
            {16.0, 1.268, 2.022, 9.081, 12.976, 0.78, 12.161, 7.548, 1.209, 1.217, 1.336, 6.532, 2.918, 3.103, 14.596, 16.783, 0.0, 8.454, 5.295, 2.356, 1.195, 17.024, 3.631, 1.797, 7.2, 10.991, 8.454, 19.952, 13.648, 0.311, 0.644, 3.848, 1.728, 1.82, 4.33, 16.868, 0.681, 11.488, 16.807, 11.617, 3.486},
            {17.0, 8.255, 6.857, 3.859, 14.653, 8.078, 9.709, 11.56, 7.285, 6.971, 8.352, 10.548, 5.842, 6.367, 13.4, 11.526, 8.454, 0.0, 8.914, 9.255, 8.084, 12.5, 10.403, 6.618, 9.06, 13.86, 0.0, 21.013, 14.108, 7.991, 8.47, 11.055, 6.667, 7.88, 5.002, 12.344, 7.646, 9.546, 12.283, 14.218, 10.693},
            {18.0, 4.903, 5.095, 11.067, 7.846, 5.532, 15.635, 2.91, 4.144, 4.852, 5.0, 11.796, 5.214, 6.187, 18.818, 18.476, 5.295, 8.914, 0.0, 4.865, 4.856, 15.796, 8.664, 4.671, 11.717, 5.809, 8.641, 14.745, 8.434, 5.11, 5.813, 9.049, 4.477, 4.388, 7.653, 16.542, 5.082, 15.526, 16.48, 6.435, 8.687},
            {19.0, 1.255, 3.234, 10.367, 12.607, 3.04, 14.312, 5.522, 2.186, 2.831, 0.347, 8.922, 4.081, 4.407, 16.747, 17.984, 2.356, 9.255, 4.865, 0.0, 1.528, 17.992, 5.964, 2.788, 9.404, 10.614, 9.422, 19.575, 13.339, 2.283, 2.986, 6.181, 2.718, 2.051, 5.894, 17.836, 2.52, 13.693, 17.775, 11.24, 5.82},
            {20.0, 0.588, 2.235, 9.158, 12.598, 1.885, 13.157, 7.05, 1.111, 1.898, 0.449, 7.732, 3.05, 3.376, 15.592, 16.79, 1.195, 8.084, 4.856, 1.528, 0.0, 16.777, 4.796, 1.753, 8.166, 10.546, 8.207, 19.507, 13.203, 1.116, 1.819, 5.014, 1.653, 0.831, 4.829, 16.621, 1.591, 12.454, 16.56, 11.172, 4.652},
            {21.0, 16.825, 15.427, 14.471, 18.6, 16.648, 15.482, 18.572, 15.855, 15.541, 16.922, 19.468, 14.411, 14.937, 19.174, 7.47, 17.024, 12.5, 15.796, 17.992, 16.777, 0.0, 19.058, 15.237, 18.219, 20.515, 12.684, 24.281, 16.686, 16.61, 17.089, 19.71, 15.286, 16.518, 14.051, 8.924, 16.265, 16.206, 8.862, 20.224, 19.348},
            {22.0, 4.867, 4.52, 8.949, 16.406, 3.091, 11.305, 11.078, 4.627, 3.985, 4.936, 4.254, 5.362, 4.354, 12.643, 15.999, 3.631, 10.403, 8.664, 5.964, 4.796, 19.058, 0.0, 4.396, 5.71, 14.218, 10.416, 23.179, 16.642, 3.618, 3.093, 1.879, 4.42, 5.188, 4.991, 17.746, 3.706, 10.253, 17.684, 14.844, 1.449},
            {23.0, 1.62, 0.529, 7.651, 12.42, 1.366, 11.754, 7.195, 0.744, 0.3, 1.717, 7.459, 1.365, 1.692, 14.318, 15.269, 1.797, 6.618, 4.671, 2.788, 1.753, 15.237, 4.396, 0.0, 7.103, 10.315, 6.712, 19.274, 12.433, 1.373, 1.851, 5.048, 0.231, 1.667, 3.099, 15.126, 1.028, 10.972, 15.065, 10.94, 4.687},
            {24.0, 8.237, 6.628, 4.291, 19.459, 6.57, 5.686, 14.176, 7.725, 6.622, 8.334, 2.606, 7.078, 5.721, 7.599, 11.486, 7.2, 9.06, 11.717, 9.404, 8.166, 18.219, 5.71, 7.103, 0.0, 17.359, 9.188, 26.036, 19.195, 7.002, 6.663, 6.238, 7.282, 8.396, 4.435, 13.403, 6.913, 4.951, 13.342, 17.984, 5.813},
            {25.0, 10.599, 10.801, 16.804, 3.293, 11.228, 21.372, 5.31, 9.84, 10.56, 10.696, 17.493, 10.922, 11.893, 24.524, 23.478, 10.991, 13.86, 5.809, 10.614, 10.546, 20.515, 14.218, 10.315, 17.359, 0.0, 13.816, 10.66, 5.348, 10.824, 11.527, 14.763, 10.207, 10.101, 13.383, 21.605, 10.796, 21.256, 21.543, 1.891, 14.401},
            {26.0, 8.255, 6.857, 3.859, 14.653, 8.078, 9.709, 11.56, 7.285, 6.971, 8.352, 10.548, 5.842, 6.367, 13.4, 11.526, 8.454, 0.0, 8.641, 9.422, 8.207, 12.684, 10.416, 6.712, 9.188, 13.816, 0.0, 21.013, 14.108, 7.991, 8.47, 11.055, 6.667, 7.88, 5.002, 12.344, 7.646, 9.546, 12.283, 14.218, 10.693},
            {27.0, 19.56, 19.683, 24.872, 7.318, 20.184, 29.592, 14.566, 18.801, 19.532, 19.657, 26.454, 19.479, 20.775, 32.953, 28.928, 19.952, 21.013, 14.745, 19.575, 19.507, 24.281, 23.179, 19.274, 26.036, 10.66, 21.013, 0.0, 7.814, 19.753, 20.456, 23.692, 19.108, 19.03, 21.652, 27.063, 19.725, 29.458, 27.001, 9.389, 23.33},
            {28.0, 13.256, 12.842, 17.967, 2.273, 13.626, 22.751, 8.65, 12.481, 12.691, 13.353, 19.751, 12.638, 13.934, 26.112, 21.339, 13.648, 14.108, 8.434, 13.339, 13.203, 16.686, 16.642, 12.433, 19.195, 5.348, 14.108, 7.814, 0.0, 13.466, 14.112, 17.364, 12.53, 12.752, 14.828, 19.484, 13.288, 22.601, 19.422, 4.081, 17.002},
            {29.0, 1.18, 1.717, 8.794, 12.852, 0.773, 12.046, 7.424, 1.049, 0.912, 1.248, 6.723, 2.613, 2.797, 14.481, 16.412, 0.311, 7.991, 5.11, 2.283, 1.116, 16.61, 3.618, 1.373, 7.002, 10.824, 7.991, 19.753, 13.466, 0.0, 0.736, 4.035, 1.498, 1.674, 4.199, 16.59, 0.374, 11.371, 16.529, 11.492, 3.673},
            {30.0, 1.883, 2.216, 9.089, 13.555, 0.621, 11.929, 8.127, 1.752, 1.391, 1.951, 6.249, 3.112, 3.112, 14.364, 16.551, 0.644, 8.47, 5.813, 2.986, 1.819, 17.089, 3.093, 1.851, 6.663, 11.527, 8.47, 20.456, 14.112, 0.736, 0.0, 3.536, 1.954, 2.351, 4.307, 17.046, 1.015, 11.234, 16.985, 12.169, 3.174},
            {31.0, 5.085, 5.089, 9.98, 16.791, 3.66, 11.905, 11.363, 4.988, 4.554, 5.153, 4.853, 5.832, 5.005, 13.243, 17.03, 3.848, 11.055, 9.049, 6.181, 5.014, 19.71, 1.879, 5.048, 6.238, 14.763, 11.055, 23.692, 17.364, 4.035, 3.536, 0.0, 5.131, 5.631, 5.763, 18.952, 4.277, 10.87, 18.891, 15.449, 0.462},
            {32.0, 1.551, 0.701, 7.753, 12.235, 1.394, 11.856, 7.011, 0.559, 0.489, 1.648, 7.61, 1.467, 1.794, 14.424, 15.371, 1.728, 6.667, 4.477, 2.718, 1.653, 15.286, 4.42, 0.231, 7.282, 10.207, 6.667, 19.108, 12.53, 1.498, 1.954, 5.131, 0.0, 1.505, 3.222, 15.186, 1.077, 11.095, 15.125, 10.772, 4.726},
            {33.0, 0.883, 2.16, 9.019, 12.13, 2.249, 13.315, 6.702, 0.988, 1.859, 0.981, 8.3, 2.926, 3.253, 15.875, 16.637, 1.82, 7.88, 4.388, 2.051, 0.831, 16.518, 5.188, 1.667, 8.396, 10.101, 7.88, 19.03, 12.752, 1.674, 2.351, 5.631, 1.505, 0.0, 4.727, 16.428, 1.564, 12.6, 16.367, 10.727, 5.224},
            {34.0, 4.727, 2.662, 3.613, 15.411, 3.617, 8.148, 10.187, 3.735, 2.945, 4.824, 5.819, 2.984, 1.585, 11.487, 11.23, 4.33, 5.002, 7.653, 5.894, 4.829, 14.051, 4.991, 3.099, 4.435, 13.383, 5.002, 21.652, 14.828, 4.199, 4.307, 5.763, 3.222, 4.727, 0.0, 13.147, 3.857, 7.969, 13.086, 13.931, 5.36},
            {35.0, 16.669, 15.271, 9.298, 21.297, 16.492, 10.33, 19.279, 15.699, 15.385, 16.766, 15.487, 14.256, 14.781, 14.021, 4.14, 16.868, 12.344, 16.542, 17.836, 16.621, 8.924, 17.746, 15.126, 13.403, 21.605, 12.344, 27.063, 19.484, 16.59, 17.046, 18.952, 15.186, 16.428, 13.147, 0.0, 16.021, 10.975, 0.066, 21.778, 18.342},
            {36.0, 1.353, 1.372, 8.449, 12.824, 0.766, 11.958, 7.396, 1.01, 0.567, 1.45, 7.014, 2.268, 2.452, 14.393, 16.067, 0.681, 7.646, 5.082, 2.52, 1.591, 16.265, 3.706, 1.028, 6.913, 10.796, 7.646, 19.725, 13.288, 0.374, 1.015, 4.277, 1.077, 1.564, 3.857, 16.021, 0.0, 11.288, 16.19, 11.445, 3.969},
            {37.0, 12.525, 10.535, 4.642, 23.284, 10.775, 1.338, 18.06, 11.609, 10.797, 12.622, 6.033, 10.788, 9.459, 4.779, 9.237, 11.488, 9.546, 15.526, 13.693, 12.454, 16.206, 10.253, 10.972, 4.951, 21.256, 9.546, 29.458, 22.601, 11.371, 11.234, 10.87, 11.095, 12.6, 7.969, 10.975, 11.288, 0.0, 11.072, 21.835, 10.408},
            {38.0, 16.607, 15.21, 9.236, 21.235, 16.431, 10.268, 19.218, 15.638, 15.323, 16.705, 15.426, 14.194, 14.72, 13.959, 4.079, 16.807, 12.283, 16.48, 17.775, 16.56, 8.862, 17.684, 15.065, 13.342, 21.543, 12.283, 27.001, 19.422, 16.529, 16.985, 18.891, 15.125, 16.367, 13.086, 0.066, 16.19, 11.072, 0.0, 21.712, 18.276},
            {39.0, 11.225, 11.427, 17.43, 2.026, 11.854, 21.998, 5.936, 10.466, 11.186, 11.322, 18.118, 11.548, 12.519, 25.15, 23.836, 11.617, 14.218, 6.435, 11.24, 11.172, 20.224, 14.844, 10.94, 17.984, 1.891, 14.218, 9.389, 4.081, 11.492, 12.169, 15.449, 10.772, 10.727, 13.931, 21.778, 11.445, 21.835, 21.712, 0.0, 14.989},
            {40.0, 4.723, 4.727, 9.554, 16.429, 3.298, 11.479, 11.001, 4.627, 4.192, 4.792, 4.428, 5.47, 4.644, 12.817, 16.604, 3.486, 10.693, 8.687, 5.82, 4.652, 19.348, 1.449, 4.687, 5.813, 14.401, 10.693, 23.33, 17.002, 3.673, 3.174, 0.462, 4.726, 5.224, 5.36, 18.342, 3.969, 10.408, 18.276, 14.989, 0.0}};

    private static double[][] walkTime=
            {{0.0, 1.0, 2.0, 3.0, 4.0, 5.0, 6.0, 7.0, 8.0, 9.0, 10.0, 11.0, 12.0, 13.0, 14.0, 15.0, 16.0, 17.0, 18.0, 19.0, 20.0, 21.0, 22.0, 23.0, 24.0, 25.0, 26.0, 27.0, 28.0, 29.0, 30.0, 31.0, 32.0, 33.0, 34.0, 35.0, 36.0, 37.0, 38.0, 39.0, 40.0},
            {1.0, 0.0, 2129.0, 9306.0, 12713.0, 1988.0, 13253.0, 6841.0, 1045.0, 1706.0, 195.0, 7797.0, 3053.0, 3307.0, 15476.0, 16900.0, 1268.0, 8255.0, 4903.0, 1255.0, 588.0, 16825.0, 4867.0, 1620.0, 8237.0, 10599.0, 8255.0, 19560.0, 13256.0, 1180.0, 1883.0, 5085.0, 1551.0, 883.0, 4727.0, 16669.0, 1353.0, 12525.0, 16607.0, 11225.0, 4723.0},
            {2.0, 2129.0, 0.0, 7241.0, 12915.0, 1570.0, 11264.0, 7637.0, 1172.0, 541.0, 2174.0, 6948.0, 1015.0, 1242.0, 13532.0, 14835.0, 2022.0, 6857.0, 5095.0, 3234.0, 2235.0, 15427.0, 4520.0, 529.0, 6628.0, 10801.0, 6857.0, 19683.0, 12842.0, 1717.0, 2216.0, 5089.0, 701.0, 2160.0, 2662.0, 15271.0, 1372.0, 10535.0, 15210.0, 11427.0, 4727.0},
            {3.0, 9306.0, 7241.0, 0.0, 18672.0, 8443.0, 4687.0, 13679.0, 8224.0, 7629.0, 9307.0, 6352.0, 6528.0, 6157.0, 8409.0, 7482.0, 9081.0, 3859.0, 11067.0, 10367.0, 9158.0, 14471.0, 8949.0, 7651.0, 4291.0, 16804.0, 3859.0, 24872.0, 17967.0, 8794.0, 9089.0, 9980.0, 7753.0, 9019.0, 3613.0, 9298.0, 8449.0, 4642.0, 9236.0, 17430.0, 9554.0},
            {4.0, 12713.0, 12915.0, 18672.0, 0.0, 13315.0, 23414.0, 7349.0, 11892.0, 12675.0, 12720.0, 19504.0, 13074.0, 13992.0, 26390.0, 23256.0, 12976.0, 14653.0, 7846.0, 12607.0, 12598.0, 18600.0, 16406.0, 12420.0, 19459.0, 3293.0, 14653.0, 7318.0, 2273.0, 12852.0, 13555.0, 16791.0, 12235.0, 12130.0, 15411.0, 21297.0, 12824.0, 23284.0, 21235.0, 2026.0, 16429.0},
            {5.0, 1988.0, 1570.0, 8443.0, 13315.0, 0.0, 11504.0, 7993.0, 1528.0, 824.0, 2017.0, 6423.0, 2530.0, 2480.0, 13726.0, 16205.0, 780.0, 8078.0, 5532.0, 3040.0, 1885.0, 16648.0, 3091.0, 1366.0, 6570.0, 11228.0, 8078.0, 20184.0, 13626.0, 773.0, 621.0, 3660.0, 1394.0, 2249.0, 3617.0, 16492.0, 766.0, 10775.0, 16431.0, 11854.0, 3298.0},
            {6.0, 13253.0, 11264.0, 4687.0, 23414.0, 11504.0, 0.0, 18246.0, 12327.0, 11553.0, 13315.0, 7051.0, 11063.0, 10206.0, 3723.0, 8496.0, 12161.0, 9709.0, 15635.0, 14312.0, 13157.0, 15482.0, 11305.0, 11754.0, 5686.0, 21372.0, 9709.0, 29592.0, 22751.0, 12046.0, 11929.0, 11905.0, 11856.0, 13315.0, 8148.0, 10330.0, 11958.0, 1338.0, 10268.0, 21998.0, 11479.0},
            {7.0, 6841.0, 7637.0, 13679.0, 7349.0, 7993.0, 18246.0, 0.0, 6464.0, 7479.0, 5861.0, 14076.0, 7914.0, 8768.0, 21166.0, 21239.0, 7548.0, 11560.0, 2910.0, 5522.0, 7050.0, 18572.0, 11078.0, 7195.0, 14176.0, 5310.0, 11560.0, 14566.0, 8650.0, 7424.0, 8127.0, 11363.0, 7011.0, 6702.0, 10187.0, 19279.0, 7396.0, 18060.0, 19218.0, 5936.0, 11001.0},
            {8.0, 1045.0, 1172.0, 8224.0, 11892.0, 1528.0, 12327.0, 6464.0, 0.0, 1028.0, 1126.0, 7701.0, 2062.0, 2316.0, 14715.0, 15908.0, 1209.0, 7285.0, 4144.0, 2186.0, 1111.0, 15855.0, 4627.0, 744.0, 7725.0, 9840.0, 7285.0, 18801.0, 12481.0, 1049.0, 1752.0, 4988.0, 559.0, 988.0, 3735.0, 15699.0, 1010.0, 11609.0, 15638.0, 10466.0, 4627.0},
            {9.0, 1706.0, 541.0, 7629.0, 12675.0, 824.0, 11553.0, 7479.0, 1028.0, 0.0, 1771.0, 6943.0, 1493.0, 1571.0, 13748.0, 15243.0, 1217.0, 6971.0, 4852.0, 2831.0, 1898.0, 15541.0, 3985.0, 300.0, 6622.0, 10560.0, 6971.0, 19532.0, 12691.0, 912.0, 1391.0, 4554.0, 489.0, 1859.0, 2945.0, 15385.0, 567.0, 10797.0, 15323.0, 11186.0, 4192.0},
            {10.0, 195.0, 2174.0, 9307.0, 12720.0, 2017.0, 13315.0, 5861.0, 1126.0, 1771.0, 0.0, 7866.0, 3150.0, 3405.0, 15573.0, 16997.0, 1336.0, 8352.0, 5000.0, 347.0, 449.0, 16922.0, 4936.0, 1717.0, 8334.0, 10696.0, 8352.0, 19657.0, 13353.0, 1248.0, 1951.0, 5153.0, 1648.0, 981.0, 4824.0, 16766.0, 1450.0, 12622.0, 16705.0, 11322.0, 4792.0},
            {11.0, 7797.0, 6948.0, 6352.0, 19504.0, 6423.0, 7051.0, 14076.0, 7701.0, 6943.0, 7866.0, 0.0, 7464.0, 6376.0, 8210.0, 13672.0, 6532.0, 10548.0, 11796.0, 8922.0, 7732.0, 19468.0, 4254.0, 7459.0, 2606.0, 17493.0, 10548.0, 26454.0, 19751.0, 6723.0, 6249.0, 4853.0, 7610.0, 8300.0, 5819.0, 15487.0, 7014.0, 6033.0, 15426.0, 18118.0, 4428.0},
            {12.0, 3053.0, 1015.0, 6528.0, 13074.0, 2530.0, 11063.0, 7914.0, 2062.0, 1493.0, 3150.0, 7464.0, 0.0, 1564.0, 13963.0, 14150.0, 2918.0, 5842.0, 5214.0, 4081.0, 3050.0, 14411.0, 5362.0, 1365.0, 7078.0, 10922.0, 5842.0, 19479.0, 12638.0, 2613.0, 3112.0, 5832.0, 1467.0, 2926.0, 2984.0, 14256.0, 2268.0, 10788.0, 14194.0, 11548.0, 5470.0},
            {13.0, 3307.0, 1242.0, 6157.0, 13992.0, 2480.0, 10206.0, 8768.0, 2316.0, 1571.0, 3405.0, 6376.0, 1564.0, 0.0, 12565.0, 13791.0, 3103.0, 6367.0, 6187.0, 4407.0, 3376.0, 14937.0, 4354.0, 1692.0, 5721.0, 11893.0, 6367.0, 20775.0, 13934.0, 2797.0, 3112.0, 5005.0, 1794.0, 3253.0, 1585.0, 14781.0, 2452.0, 9459.0, 14720.0, 12519.0, 4644.0},
            {14.0, 15476.0, 13532.0, 8409.0, 26390.0, 13726.0, 3723.0, 21166.0, 14715.0, 13748.0, 15573.0, 8210.0, 13963.0, 12565.0, 0.0, 12188.0, 14596.0, 13400.0, 18818.0, 16747.0, 15592.0, 19174.0, 12643.0, 14318.0, 7599.0, 24524.0, 13400.0, 32953.0, 26112.0, 14481.0, 14364.0, 13243.0, 14424.0, 15875.0, 11487.0, 14021.0, 14393.0, 4779.0, 13959.0, 25150.0, 12817.0},
            {15.0, 16900.0, 14835.0, 7482.0, 23256.0, 16205.0, 8496.0, 21239.0, 15908.0, 15243.0, 16997.0, 13672.0, 14150.0, 13791.0, 12188.0, 0.0, 16783.0, 11526.0, 18476.0, 17984.0, 16790.0, 7470.0, 15999.0, 15269.0, 11486.0, 23478.0, 11526.0, 28928.0, 21339.0, 16412.0, 16551.0, 17030.0, 15371.0, 16637.0, 11230.0, 4140.0, 16067.0, 9237.0, 4079.0, 23836.0, 16604.0},
            {16.0, 1268.0, 2022.0, 9081.0, 12976.0, 780.0, 12161.0, 7548.0, 1209.0, 1217.0, 1336.0, 6532.0, 2918.0, 3103.0, 14596.0, 16783.0, 0.0, 8454.0, 5295.0, 2356.0, 1195.0, 17024.0, 3631.0, 1797.0, 7200.0, 10991.0, 8454.0, 19952.0, 13648.0, 311.0, 644.0, 3848.0, 1728.0, 1820.0, 4330.0, 16868.0, 681.0, 11488.0, 16807.0, 11617.0, 3486.0},
            {17.0, 8255.0, 6857.0, 3859.0, 14653.0, 8078.0, 9709.0, 11560.0, 7285.0, 6971.0, 8352.0, 10548.0, 5842.0, 6367.0, 13400.0, 11526.0, 8454.0, 0.0, 8914.0, 9255.0, 8084.0, 12500.0, 10403.0, 6618.0, 9060.0, 13860.0, 0.0, 21013.0, 14108.0, 7991.0, 8470.0, 11055.0, 6667.0, 7880.0, 5002.0, 12344.0, 7646.0, 9546.0, 12283.0, 14218.0, 10693.0},
            {18.0, 4903.0, 5095.0, 11067.0, 7846.0, 5532.0, 15635.0, 2910.0, 4144.0, 4852.0, 5000.0, 11796.0, 5214.0, 6187.0, 18818.0, 18476.0, 5295.0, 8914.0, 0.0, 4865.0, 4856.0, 15796.0, 8664.0, 4671.0, 11717.0, 5809.0, 8641.0, 14745.0, 8434.0, 5110.0, 5813.0, 9049.0, 4477.0, 4388.0, 7653.0, 16542.0, 5082.0, 15526.0, 16480.0, 6435.0, 8687.0},
            {19.0, 1255.0, 3234.0, 10367.0, 12607.0, 3040.0, 14312.0, 5522.0, 2186.0, 2831.0, 347.0, 8922.0, 4081.0, 4407.0, 16747.0, 17984.0, 2356.0, 9255.0, 4865.0, 0.0, 1528.0, 17992.0, 5964.0, 2788.0, 9404.0, 10614.0, 9422.0, 19575.0, 13339.0, 2283.0, 2986.0, 6181.0, 2718.0, 2051.0, 5894.0, 17836.0, 2520.0, 13693.0, 17775.0, 11240.0, 5820.0},
            {20.0, 588.0, 2235.0, 9158.0, 12598.0, 1885.0, 13157.0, 7050.0, 1111.0, 1898.0, 449.0, 7732.0, 3050.0, 3376.0, 15592.0, 16790.0, 1195.0, 8084.0, 4856.0, 1528.0, 0.0, 16777.0, 4796.0, 1753.0, 8166.0, 10546.0, 8207.0, 19507.0, 13203.0, 1116.0, 1819.0, 5014.0, 1653.0, 831.0, 4829.0, 16621.0, 1591.0, 12454.0, 16560.0, 11172.0, 4652.0},
            {21.0, 16825.0, 15427.0, 14471.0, 18600.0, 16648.0, 15482.0, 18572.0, 15855.0, 15541.0, 16922.0, 19468.0, 14411.0, 14937.0, 19174.0, 7470.0, 17024.0, 12500.0, 15796.0, 17992.0, 16777.0, 0.0, 19058.0, 15237.0, 18219.0, 20515.0, 12684.0, 24281.0, 16686.0, 16610.0, 17089.0, 19710.0, 15286.0, 16518.0, 14051.0, 8924.0, 16265.0, 16206.0, 8862.0, 20224.0, 19348.0},
            {22.0, 4867.0, 4520.0, 8949.0, 16406.0, 3091.0, 11305.0, 11078.0, 4627.0, 3985.0, 4936.0, 4254.0, 5362.0, 4354.0, 12643.0, 15999.0, 3631.0, 10403.0, 8664.0, 5964.0, 4796.0, 19058.0, 0.0, 4396.0, 5710.0, 14218.0, 10416.0, 23179.0, 16642.0, 3618.0, 3093.0, 1879.0, 4420.0, 5188.0, 4991.0, 17746.0, 3706.0, 10253.0, 17684.0, 14844.0, 1449.0},
            {23.0, 1620.0, 529.0, 7651.0, 12420.0, 1366.0, 11754.0, 7195.0, 744.0, 300.0, 1717.0, 7459.0, 1365.0, 1692.0, 14318.0, 15269.0, 1797.0, 6618.0, 4671.0, 2788.0, 1753.0, 15237.0, 4396.0, 0.0, 7103.0, 10315.0, 6712.0, 19274.0, 12433.0, 1373.0, 1851.0, 5048.0, 231.0, 1667.0, 3099.0, 15126.0, 1028.0, 10972.0, 15065.0, 10940.0, 4687.0},
            {24.0, 8237.0, 6628.0, 4291.0, 19459.0, 6570.0, 5686.0, 14176.0, 7725.0, 6622.0, 8334.0, 2606.0, 7078.0, 5721.0, 7599.0, 11486.0, 7200.0, 9060.0, 11717.0, 9404.0, 8166.0, 18219.0, 5710.0, 7103.0, 0.0, 17359.0, 9188.0, 26036.0, 19195.0, 7002.0, 6663.0, 6238.0, 7282.0, 8396.0, 4435.0, 13403.0, 6913.0, 4951.0, 13342.0, 17984.0, 5813.0},
            {25.0, 10599.0, 10801.0, 16804.0, 3293.0, 11228.0, 21372.0, 5310.0, 9840.0, 10560.0, 10696.0, 17493.0, 10922.0, 11893.0, 24524.0, 23478.0, 10991.0, 13860.0, 5809.0, 10614.0, 10546.0, 20515.0, 14218.0, 10315.0, 17359.0, 0.0, 13816.0, 10660.0, 5348.0, 10824.0, 11527.0, 14763.0, 10207.0, 10101.0, 13383.0, 21605.0, 10796.0, 21256.0, 21543.0, 1891.0, 14401.0},
            {26.0, 8255.0, 6857.0, 3859.0, 14653.0, 8078.0, 9709.0, 11560.0, 7285.0, 6971.0, 8352.0, 10548.0, 5842.0, 6367.0, 13400.0, 11526.0, 8454.0, 0.0, 8641.0, 9422.0, 8207.0, 12684.0, 10416.0, 6712.0, 9188.0, 13816.0, 0.0, 21013.0, 14108.0, 7991.0, 8470.0, 11055.0, 6667.0, 7880.0, 5002.0, 12344.0, 7646.0, 9546.0, 12283.0, 14218.0, 10693.0},
            {27.0, 19560.0, 19683.0, 24872.0, 7318.0, 20184.0, 29592.0, 14566.0, 18801.0, 19532.0, 19657.0, 26454.0, 19479.0, 20775.0, 32953.0, 28928.0, 19952.0, 21013.0, 14745.0, 19575.0, 19507.0, 24281.0, 23179.0, 19274.0, 26036.0, 10660.0, 21013.0, 0.0, 7814.0, 19753.0, 20456.0, 23692.0, 19108.0, 19030.0, 21652.0, 27063.0, 19725.0, 29458.0, 27001.0, 9389.0, 23330.0},
            {28.0, 13256.0, 12842.0, 17967.0, 2273.0, 13626.0, 22751.0, 8650.0, 12481.0, 12691.0, 13353.0, 19751.0, 12638.0, 13934.0, 26112.0, 21339.0, 13648.0, 14108.0, 8434.0, 13339.0, 13203.0, 16686.0, 16642.0, 12433.0, 19195.0, 5348.0, 14108.0, 7814.0, 0.0, 13466.0, 14112.0, 17364.0, 12530.0, 12752.0, 14828.0, 19484.0, 13288.0, 22601.0, 19422.0, 4081.0, 17002.0},
            {29.0, 1180.0, 1717.0, 8794.0, 12852.0, 773.0, 12046.0, 7424.0, 1049.0, 912.0, 1248.0, 6723.0, 2613.0, 2797.0, 14481.0, 16412.0, 311.0, 7991.0, 5110.0, 2283.0, 1116.0, 16610.0, 3618.0, 1373.0, 7002.0, 10824.0, 7991.0, 19753.0, 13466.0, 0.0, 736.0, 4035.0, 1498.0, 1674.0, 4199.0, 16590.0, 374.0, 11371.0, 16529.0, 11492.0, 3673.0},
            {30.0, 1883.0, 2216.0, 9089.0, 13555.0, 621.0, 11929.0, 8127.0, 1752.0, 1391.0, 1951.0, 6249.0, 3112.0, 3112.0, 14364.0, 16551.0, 644.0, 8470.0, 5813.0, 2986.0, 1819.0, 17089.0, 3093.0, 1851.0, 6663.0, 11527.0, 8470.0, 20456.0, 14112.0, 736.0, 0.0, 3536.0, 1954.0, 2351.0, 4307.0, 17046.0, 1015.0, 11234.0, 16985.0, 12169.0, 3174.0},
            {31.0, 5085.0, 5089.0, 9980.0, 16791.0, 3660.0, 11905.0, 11363.0, 4988.0, 4554.0, 5153.0, 4853.0, 5832.0, 5005.0, 13243.0, 17030.0, 3848.0, 11055.0, 9049.0, 6181.0, 5014.0, 19710.0, 1879.0, 5048.0, 6238.0, 14763.0, 11055.0, 23692.0, 17364.0, 4035.0, 3536.0, 0.0, 5131.0, 5631.0, 5763.0, 18952.0, 4277.0, 10870.0, 18891.0, 15449.0, 462.0},
            {32.0, 1551.0, 701.0, 7753.0, 12235.0, 1394.0, 11856.0, 7011.0, 559.0, 489.0, 1648.0, 7610.0, 1467.0, 1794.0, 14424.0, 15371.0, 1728.0, 6667.0, 4477.0, 2718.0, 1653.0, 15286.0, 4420.0, 231.0, 7282.0, 10207.0, 6667.0, 19108.0, 12530.0, 1498.0, 1954.0, 5131.0, 0.0, 1505.0, 3222.0, 15186.0, 1077.0, 11095.0, 15125.0, 10772.0, 4726.0},
            {33.0, 883.0, 2160.0, 9019.0, 12130.0, 2249.0, 13315.0, 6702.0, 988.0, 1859.0, 981.0, 8300.0, 2926.0, 3253.0, 15875.0, 16637.0, 1820.0, 7880.0, 4388.0, 2051.0, 831.0, 16518.0, 5188.0, 1667.0, 8396.0, 10101.0, 7880.0, 19030.0, 12752.0, 1674.0, 2351.0, 5631.0, 1505.0, 0.0, 4727.0, 16428.0, 1564.0, 12600.0, 16367.0, 10727.0, 5224.0},
            {34.0, 4727.0, 2662.0, 3613.0, 15411.0, 3617.0, 8148.0, 10187.0, 3735.0, 2945.0, 4824.0, 5819.0, 2984.0, 1585.0, 11487.0, 11230.0, 4330.0, 5002.0, 7653.0, 5894.0, 4829.0, 14051.0, 4991.0, 3099.0, 4435.0, 13383.0, 5002.0, 21652.0, 14828.0, 4199.0, 4307.0, 5763.0, 3222.0, 4727.0, 0.0, 13147.0, 3857.0, 7969.0, 13086.0, 13931.0, 5360.0},
            {35.0, 16669.0, 15271.0, 9298.0, 21297.0, 16492.0, 10330.0, 19279.0, 15699.0, 15385.0, 16766.0, 15487.0, 14256.0, 14781.0, 14021.0, 4140.0, 16868.0, 12344.0, 16542.0, 17836.0, 16621.0, 8924.0, 17746.0, 15126.0, 13403.0, 21605.0, 12344.0, 27063.0, 19484.0, 16590.0, 17046.0, 18952.0, 15186.0, 16428.0, 13147.0, 0.0, 16021.0, 10975.0, 66.0, 21778.0, 18342.0},
            {36.0, 1353.0, 1372.0, 8449.0, 12824.0, 766.0, 11958.0, 7396.0, 1010.0, 567.0, 1450.0, 7014.0, 2268.0, 2452.0, 14393.0, 16067.0, 681.0, 7646.0, 5082.0, 2520.0, 1591.0, 16265.0, 3706.0, 1028.0, 6913.0, 10796.0, 7646.0, 19725.0, 13288.0, 374.0, 1015.0, 4277.0, 1077.0, 1564.0, 3857.0, 16021.0, 0.0, 11288.0, 16190.0, 11445.0, 3969.0},
            {37.0, 12525.0, 10535.0, 4642.0, 23284.0, 10775.0, 1338.0, 18060.0, 11609.0, 10797.0, 12622.0, 6033.0, 10788.0, 9459.0, 4779.0, 9237.0, 11488.0, 9546.0, 15526.0, 13693.0, 12454.0, 16206.0, 10253.0, 10972.0, 4951.0, 21256.0, 9546.0, 29458.0, 22601.0, 11371.0, 11234.0, 10870.0, 11095.0, 12600.0, 7969.0, 10975.0, 11288.0, 0.0, 11072.0, 21835.0, 10408.0},
            {38.0, 16607.0, 15210.0, 9236.0, 21235.0, 16431.0, 10268.0, 19218.0, 15638.0, 15323.0, 16705.0, 15426.0, 14194.0, 14720.0, 13959.0, 4079.0, 16807.0, 12283.0, 16480.0, 17775.0, 16560.0, 8862.0, 17684.0, 15065.0, 13342.0, 21543.0, 12283.0, 27001.0, 19422.0, 16529.0, 16985.0, 18891.0, 15125.0, 16367.0, 13086.0, 66.0, 16190.0, 11072.0, 0.0, 21712.0, 18276.0},
            {39.0, 11225.0, 11427.0, 17430.0, 2026.0, 11854.0, 21998.0, 5936.0, 10466.0, 11186.0, 11322.0, 18118.0, 11548.0, 12519.0, 25150.0, 23836.0, 11617.0, 14218.0, 6435.0, 11240.0, 11172.0, 20224.0, 14844.0, 10940.0, 17984.0, 1891.0, 14218.0, 9389.0, 4081.0, 11492.0, 12169.0, 15449.0, 10772.0, 10727.0, 13931.0, 21778.0, 11445.0, 21835.0, 21712.0, 0.0, 14989.0},
            {40.0, 4723.0, 4727.0, 9554.0, 16429.0, 3298.0, 11479.0, 11001.0, 4627.0, 4192.0, 4792.0, 4428.0, 5470.0, 4644.0, 12817.0, 16604.0, 3486.0, 10693.0, 8687.0, 5820.0, 4652.0, 19348.0, 1449.0, 4687.0, 5813.0, 14401.0, 10693.0, 23330.0, 17002.0, 3673.0, 3174.0, 462.0, 4726.0, 5224.0, 5360.0, 18342.0, 3969.0, 10408.0, 18276.0, 14989.0, 0.0}};

    private static double[][] taxiTime=
            {{0.0, 1.0, 2.0, 3.0, 4.0, 5.0, 6.0, 7.0, 8.0, 9.0, 10.0, 11.0, 12.0, 13.0, 14.0, 15.0, 16.0, 17.0, 18.0, 19.0, 20.0, 21.0, 22.0, 23.0, 24.0, 25.0, 26.0, 27.0, 28.0, 29.0, 30.0, 31.0, 32.0, 33.0, 34.0, 35.0, 36.0, 37.0, 38.0, 39.0, 40.0},
            {1.0, 0.0, 537.0, 1199.0, 1315.0, 694.0, 1347.0, 734.0, 415.0, 543.0, 256.0, 810.0, 639.0, 792.0, 1335.0, 1622.0, 484.0, 1418.0, 868.0, 787.0, 143.0, 1986.0, 678.0, 488.0, 791.0, 1085.0, 1418.0, 5039.0, 1453.0, 680.0, 496.0, 1129.0, 603.0, 364.0, 968.0, 1633.0, 599.0, 1250.0, 1611.0, 1172.0, 664.0},
            {2.0, 537.0, 0.0, 932.0, 1317.0, 236.0, 1014.0, 1010.0, 308.0, 267.0, 532.0, 789.0, 155.0, 265.0, 1002.0, 1408.0, 361.0, 1069.0, 786.0, 1063.0, 509.0, 1657.0, 453.0, 276.0, 457.0, 1191.0, 1069.0, 5042.0, 1462.0, 294.0, 362.0, 1042.0, 207.0, 491.0, 516.0, 1356.0, 391.0, 917.0, 1334.0, 1329.0, 576.0},
            {3.0, 1199.0, 932.0, 0.0, 1763.0, 1439.0, 874.0, 1512.0, 1439.0, 1370.0, 1465.0, 1235.0, 1024.0, 1326.0, 1182.0, 694.0, 1570.0, 1178.0, 1232.0, 1747.0, 1574.0, 1360.0, 1359.0, 1379.0, 779.0, 1637.0, 1178.0, 5488.0, 1917.0, 1490.0, 1421.0, 1967.0, 1310.0, 1374.0, 1004.0, 706.0, 1506.0, 939.0, 684.0, 1775.0, 1502.0},
            {4.0, 1315.0, 1317.0, 1763.0, 0.0, 1300.0, 1728.0, 678.0, 1174.0, 1337.0, 1160.0, 1512.0, 1126.0, 1329.0, 2066.0, 1540.0, 1359.0, 1598.0, 809.0, 1208.0, 1279.0, 1789.0, 1379.0, 1350.0, 1521.0, 492.0, 1598.0, 4071.0, 589.0, 1358.0, 1198.0, 1831.0, 1276.0, 1211.0, 1319.0, 1488.0, 1454.0, 1856.0, 1465.0, 406.0, 1365.0},
            {5.0, 694.0, 236.0, 1439.0, 1300.0, 0.0, 1128.0, 952.0, 429.0, 298.0, 473.0, 697.0, 464.0, 512.0, 1116.0, 1530.0, 302.0, 1191.0, 908.0, 1005.0, 450.0, 1779.0, 414.0, 357.0, 572.0, 1313.0, 1191.0, 5164.0, 1585.0, 235.0, 303.0, 1002.0, 471.0, 580.0, 673.0, 1478.0, 317.0, 1031.0, 1456.0, 1389.0, 537.0},
            {6.0, 1347.0, 1014.0, 874.0, 1728.0, 1128.0, 0.0, 1713.0, 1448.0, 1318.0, 1287.0, 1115.0, 1225.0, 1382.0, 587.0, 1121.0, 1392.0, 1380.0, 1434.0, 1761.0, 1396.0, 1786.0, 1182.0, 1377.0, 660.0, 1839.0, 1380.0, 5690.0, 2110.0, 1312.0, 1243.0, 1789.0, 1385.0, 1576.0, 1149.0, 1132.0, 1328.0, 295.0, 1110.0, 1976.0, 1324.0},
            {7.0, 734.0, 1010.0, 1512.0, 678.0, 952.0, 1713.0, 0.0, 816.0, 1018.0, 802.0, 1154.0, 988.0, 1297.0, 1679.0, 1861.0, 1001.0, 1657.0, 880.0, 851.0, 922.0, 2226.0, 1021.0, 992.0, 1135.0, 851.0, 1657.0, 4805.0, 1294.0, 1178.0, 840.0, 1473.0, 967.0, 853.0, 1318.0, 1873.0, 1096.0, 1594.0, 1851.0, 938.0, 1008.0},
            {8.0, 415.0, 308.0, 1439.0, 1174.0, 429.0, 1448.0, 816.0, 0.0, 286.0, 410.0, 870.0, 435.0, 535.0, 1329.0, 1500.0, 231.0, 1296.0, 722.0, 774.0, 282.0, 1864.0, 738.0, 231.0, 784.0, 1071.0, 1296.0, 4940.0, 1332.0, 423.0, 385.0, 1189.0, 345.0, 183.0, 786.0, 1512.0, 342.0, 1244.0, 1490.0, 1158.0, 724.0},
            {9.0, 543.0, 267.0, 1370.0, 1337.0, 298.0, 1318.0, 1018.0, 286.0, 0.0, 624.0, 936.0, 293.0, 260.0, 1193.0, 1486.0, 453.0, 1206.0, 913.0, 1033.0, 560.0, 1794.0, 679.0, 245.0, 649.0, 1281.0, 1206.0, 5132.0, 1523.0, 386.0, 454.0, 1268.0, 176.0, 461.0, 512.0, 1493.0, 406.0, 1108.0, 1471.0, 1417.0, 802.0},
            {10.0, 256.0, 532.0, 1465.0, 1160.0, 473.0, 1287.0, 802.0, 410.0, 624.0, 0.0, 815.0, 864.0, 1141.0, 1340.0, 1670.0, 662.0, 1466.0, 853.0, 877.0, 492.0, 2034.0, 682.0, 837.0, 795.0, 1185.0, 1466.0, 5110.0, 1501.0, 1029.0, 501.0, 1134.0, 842.0, 713.0, 1193.0, 1681.0, 948.0, 1255.0, 1659.0, 1271.0, 668.0},
            {11.0, 810.0, 789.0, 1235.0, 1512.0, 697.0, 1115.0, 1154.0, 870.0, 936.0, 815.0, 0.0, 1125.0, 1173.0, 808.0, 1350.0, 898.0, 1559.0, 1260.0, 1285.0, 919.0, 2016.0, 663.0, 1141.0, 238.0, 1592.0, 1559.0, 5517.0, 1908.0, 1019.0, 748.0, 1242.0, 1177.0, 1141.0, 1015.0, 1362.0, 1100.0, 722.0, 1339.0, 1678.0, 776.0},
            {12.0, 639.0, 155.0, 1024.0, 1126.0, 464.0, 1225.0, 988.0, 435.0, 293.0, 864.0, 1125.0, 0.0, 479.0, 1397.0, 1199.0, 618.0, 1038.0, 826.0, 985.0, 670.0, 1697.0, 883.0, 356.0, 852.0, 1231.0, 1038.0, 5082.0, 1502.0, 590.0, 658.0, 1471.0, 287.0, 529.0, 398.0, 1211.0, 612.0, 1198.0, 1189.0, 1369.0, 1006.0},
            {13.0, 792.0, 265.0, 1326.0, 1329.0, 512.0, 1382.0, 1297.0, 535.0, 260.0, 1141.0, 1173.0, 479.0, 0.0, 1311.0, 1289.0, 692.0, 1171.0, 996.0, 1341.0, 839.0, 1867.0, 771.0, 553.0, 766.0, 1402.0, 1171.0, 5253.0, 1673.0, 625.0, 693.0, 1378.0, 484.0, 769.0, 369.0, 1301.0, 711.0, 1225.0, 1279.0, 1539.0, 913.0},
            {14.0, 1335.0, 1002.0, 1182.0, 2066.0, 1116.0, 587.0, 1679.0, 1329.0, 1193.0, 1340.0, 808.0, 1397.0, 1311.0, 0.0, 1354.0, 1320.0, 1588.0, 1641.0, 1688.0, 1323.0, 2020.0, 1109.0, 1304.0, 587.0, 1996.0, 1588.0, 5898.0, 2312.0, 1240.0, 1170.0, 1717.0, 1313.0, 1544.0, 1165.0, 1366.0, 1255.0, 479.0, 1344.0, 2082.0, 1251.0},
            {15.0, 1622.0, 1408.0, 694.0, 1540.0, 1530.0, 1121.0, 1861.0, 1500.0, 1486.0, 1670.0, 1350.0, 1199.0, 1289.0, 1354.0, 0.0, 1861.0, 1245.0, 1539.0, 2054.0, 1833.0, 1087.0, 1754.0, 1686.0, 1360.0, 1856.0, 1245.0, 5371.0, 1644.0, 1728.0, 1748.0, 2362.0, 1617.0, 1681.0, 1255.0, 472.0, 1825.0, 1171.0, 450.0, 1770.0, 1897.0},
            {16.0, 484.0, 361.0, 1570.0, 1359.0, 302.0, 1392.0, 1001.0, 231.0, 453.0, 662.0, 898.0, 618.0, 692.0, 1320.0, 1861.0, 0.0, 1413.0, 800.0, 824.0, 409.0, 1981.0, 507.0, 495.0, 629.0, 1132.0, 1413.0, 5057.0, 1448.0, 523.0, 155.0, 959.0, 609.0, 535.0, 955.0, 1628.0, 604.0, 1088.0, 1606.0, 1218.0, 493.0},
            {17.0, 1418.0, 1069.0, 1178.0, 1598.0, 1191.0, 1380.0, 1657.0, 1296.0, 1206.0, 1466.0, 1559.0, 1038.0, 1171.0, 1588.0, 1245.0, 1413.0, 0.0, 1248.0, 1763.0, 1546.0, 1367.0, 1491.0, 1320.0, 1171.0, 1654.0, 0.0, 5278.0, 1551.0, 1332.0, 1400.0, 2079.0, 1250.0, 1392.0, 963.0, 971.0, 1429.0, 1457.0, 949.0, 1678.0, 1614.0},
            {18.0, 868.0, 786.0, 1232.0, 809.0, 908.0, 1434.0, 880.0, 722.0, 913.0, 853.0, 1260.0, 826.0, 996.0, 1641.0, 1539.0, 800.0, 1248.0, 0.0, 852.0, 794.0, 1885.0, 1023.0, 793.0, 1136.0, 919.0, 1317.0, 4770.0, 1259.0, 984.0, 841.0, 1474.0, 866.0, 613.0, 983.0, 1533.0, 903.0, 1520.0, 1511.0, 1057.0, 1009.0},
            {19.0, 787.0, 1063.0, 1747.0, 1208.0, 1005.0, 1761.0, 851.0, 774.0, 1033.0, 877.0, 1285.0, 985.0, 1341.0, 1688.0, 2054.0, 824.0, 1763.0, 852.0, 0.0, 1106.0, 2405.0, 973.0, 1105.0, 1086.0, 1161.0, 1837.0, 5115.0, 1605.0, 1297.0, 792.0, 1425.0, 1178.0, 926.0, 1501.0, 2053.0, 1216.0, 1546.0, 2031.0, 1248.0, 959.0},
            {20.0, 143.0, 509.0, 1574.0, 1279.0, 450.0, 1396.0, 922.0, 282.0, 560.0, 492.0, 919.0, 670.0, 839.0, 1323.0, 1833.0, 409.0, 1546.0, 794.0, 1106.0, 0.0, 1976.0, 729.0, 345.0, 842.0, 1109.0, 1408.0, 5052.0, 1444.0, 537.0, 496.0, 1181.0, 460.0, 221.0, 900.0, 1624.0, 456.0, 1302.0, 1602.0, 1196.0, 715.0},
            {21.0, 1986.0, 1657.0, 1360.0, 1789.0, 1779.0, 1786.0, 2226.0, 1864.0, 1794.0, 2034.0, 2016.0, 1697.0, 1867.0, 2020.0, 1087.0, 1981.0, 1367.0, 1885.0, 2405.0, 1976.0, 0.0, 2037.0, 1866.0, 1791.0, 2007.0, 1441.0, 5521.0, 1794.0, 1879.0, 1946.0, 2626.0, 1797.0, 1939.0, 1813.0, 1073.0, 1975.0, 1843.0, 1051.0, 1921.0, 2161.0},
            {22.0, 678.0, 453.0, 1359.0, 1379.0, 414.0, 1182.0, 1021.0, 738.0, 679.0, 682.0, 663.0, 883.0, 771.0, 1109.0, 1754.0, 507.0, 1491.0, 1023.0, 973.0, 729.0, 2037.0, 0.0, 811.0, 467.0, 1373.0, 1413.0, 5298.0, 1689.0, 690.0, 529.0, 805.0, 785.0, 922.0, 848.0, 1565.0, 771.0, 926.0, 1543.0, 1460.0, 339.0},
            {23.0, 488.0, 276.0, 1379.0, 1350.0, 357.0, 1377.0, 992.0, 231.0, 245.0, 837.0, 1141.0, 356.0, 553.0, 1304.0, 1686.0, 495.0, 1320.0, 793.0, 1105.0, 345.0, 1866.0, 811.0, 0.0, 691.0, 1219.0, 1199.0, 5070.0, 1461.0, 429.0, 497.0, 1311.0, 114.0, 399.0, 555.0, 1486.0, 439.0, 1151.0, 1464.0, 1355.0, 845.0},
            {24.0, 791.0, 457.0, 779.0, 1521.0, 572.0, 660.0, 1135.0, 784.0, 649.0, 795.0, 238.0, 852.0, 766.0, 587.0, 1360.0, 629.0, 1171.0, 1136.0, 1086.0, 842.0, 1791.0, 467.0, 691.0, 0.0, 1642.0, 1342.0, 5567.0, 1959.0, 886.0, 817.0, 1372.0, 960.0, 1191.0, 758.0, 1173.0, 902.0, 533.0, 1150.0, 1729.0, 907.0},
            {25.0, 1085.0, 1191.0, 1637.0, 492.0, 1313.0, 1839.0, 851.0, 1071.0, 1281.0, 1185.0, 1592.0, 1231.0, 1402.0, 1996.0, 1856.0, 1132.0, 1654.0, 919.0, 1161.0, 1109.0, 2007.0, 1373.0, 1219.0, 1642.0, 0.0, 1802.0, 4626.0, 1116.0, 1507.0, 1248.0, 1881.0, 1375.0, 1261.0, 1468.0, 1915.0, 1504.0, 2005.0, 1893.0, 582.0, 1416.0},
            {26.0, 1418.0, 1069.0, 1178.0, 1598.0, 1191.0, 1380.0, 1657.0, 1296.0, 1206.0, 1466.0, 1559.0, 1038.0, 1171.0, 1588.0, 1245.0, 1413.0, 0.0, 1317.0, 1837.0, 1408.0, 1441.0, 1413.0, 1199.0, 1342.0, 1802.0, 0.0, 5278.0, 1551.0, 1332.0, 1400.0, 2079.0, 1250.0, 1392.0, 963.0, 971.0, 1429.0, 1457.0, 949.0, 1678.0, 1614.0},
            {27.0, 5039.0, 5042.0, 5488.0, 4071.0, 5164.0, 5690.0, 4805.0, 4940.0, 5132.0, 5110.0, 5517.0, 5082.0, 5253.0, 5898.0, 5371.0, 5057.0, 5278.0, 4770.0, 5115.0, 5052.0, 5521.0, 5298.0, 5070.0, 5567.0, 4626.0, 5278.0, 0.0, 4209.0, 5284.0, 5063.0, 5696.0, 5190.0, 5076.0, 5246.0, 5275.0, 5319.0, 5783.0, 5253.0, 4332.0, 5230.0},
            {28.0, 1453.0, 1462.0, 1917.0, 589.0, 1585.0, 2110.0, 1294.0, 1332.0, 1523.0, 1501.0, 1908.0, 1502.0, 1673.0, 2312.0, 1644.0, 1448.0, 1551.0, 1259.0, 1605.0, 1444.0, 1794.0, 1689.0, 1461.0, 1959.0, 1116.0, 1551.0, 4209.0, 0.0, 1520.0, 1377.0, 2010.0, 1439.0, 1323.0, 1481.0, 1417.0, 1614.0, 2018.0, 1394.0, 628.0, 1544.0},
            {29.0, 680.0, 294.0, 1490.0, 1358.0, 235.0, 1312.0, 1178.0, 423.0, 386.0, 1029.0, 1019.0, 590.0, 625.0, 1240.0, 1728.0, 523.0, 1332.0, 984.0, 1297.0, 537.0, 1879.0, 690.0, 429.0, 886.0, 1507.0, 1332.0, 5284.0, 1520.0, 0.0, 381.0, 1252.0, 573.0, 660.0, 886.0, 1747.0, 412.0, 1127.0, 1725.0, 1469.0, 787.0},
            {30.0, 496.0, 362.0, 1421.0, 1198.0, 303.0, 1243.0, 840.0, 385.0, 454.0, 501.0, 748.0, 658.0, 693.0, 1170.0, 1748.0, 155.0, 1400.0, 841.0, 792.0, 496.0, 1946.0, 529.0, 497.0, 817.0, 1248.0, 1400.0, 5063.0, 1377.0, 381.0, 0.0, 977.0, 633.0, 558.0, 846.0, 1640.0, 628.0, 1107.0, 1617.0, 1230.0, 512.0},
            {31.0, 1129.0, 1042.0, 1967.0, 1831.0, 1002.0, 1789.0, 1473.0, 1189.0, 1268.0, 1134.0, 1242.0, 1471.0, 1378.0, 1717.0, 2362.0, 959.0, 2079.0, 1474.0, 1425.0, 1181.0, 2626.0, 805.0, 1311.0, 1372.0, 1881.0, 2079.0, 5696.0, 2010.0, 1252.0, 977.0, 0.0, 1138.0, 1146.0, 1222.0, 1898.0, 1123.0, 1258.0, 1876.0, 1683.0, 459.0},
            {32.0, 603.0, 207.0, 1310.0, 1276.0, 471.0, 1385.0, 967.0, 345.0, 176.0, 842.0, 1177.0, 287.0, 484.0, 1313.0, 1617.0, 609.0, 1250.0, 866.0, 1178.0, 460.0, 1797.0, 785.0, 114.0, 960.0, 1375.0, 1250.0, 5190.0, 1439.0, 573.0, 633.0, 1138.0, 0.0, 324.0, 663.0, 1567.0, 365.0, 1222.0, 1544.0, 1280.0, 865.0},
            {33.0, 364.0, 491.0, 1374.0, 1211.0, 580.0, 1576.0, 853.0, 183.0, 461.0, 713.0, 1141.0, 529.0, 769.0, 1544.0, 1681.0, 535.0, 1392.0, 613.0, 926.0, 221.0, 1939.0, 922.0, 399.0, 1191.0, 1261.0, 1392.0, 5076.0, 1323.0, 660.0, 558.0, 1146.0, 324.0, 0.0, 906.0, 1630.0, 462.0, 1364.0, 1608.0, 1191.0, 798.0},
            {34.0, 968.0, 516.0, 1004.0, 1319.0, 673.0, 1149.0, 1318.0, 786.0, 512.0, 1193.0, 1015.0, 398.0, 369.0, 1165.0, 1255.0, 955.0, 963.0, 983.0, 1501.0, 900.0, 1813.0, 848.0, 555.0, 758.0, 1468.0, 963.0, 5246.0, 1481.0, 886.0, 846.0, 1222.0, 663.0, 906.0, 0.0, 1003.0, 851.0, 990.0, 981.0, 1498.0, 1043.0},
            {35.0, 1633.0, 1356.0, 706.0, 1488.0, 1478.0, 1132.0, 1873.0, 1512.0, 1493.0, 1681.0, 1362.0, 1211.0, 1301.0, 1366.0, 472.0, 1628.0, 971.0, 1533.0, 2053.0, 1624.0, 1073.0, 1565.0, 1486.0, 1173.0, 1915.0, 971.0, 5275.0, 1417.0, 1747.0, 1640.0, 1898.0, 1567.0, 1630.0, 1003.0, 0.0, 1870.0, 1183.0, 24.0, 1815.0, 1795.0},
